name,url,promoted_content,query,tweet_volume
#WorldEnvironmentDay,http://twitter.com/search?q=%23WorldEnvironmentDay,,%23WorldEnvironmentDay,103780
#OnlyOneEarth,http://twitter.com/search?q=%23OnlyOneEarth,,%23OnlyOneEarth,28978
#विश्व_पर्यावरण_दिवस,http://twitter.com/search?q=%23%E0%A4%B5%E0%A4%BF%E0%A4%B6%E0%A5%8D%E0%A4%B5_%E0%A4%AA%E0%A4%B0%E0%A5%8D%E0%A4%AF%E0%A4%BE%E0%A4%B5%E0%A4%B0%E0%A4%A3_%E0%A4%A6%E0%A4%BF%E0%A4%B5%E0%A4%B8,,%23%E0%A4%B5%E0%A4%BF%E0%A4%B6%E0%A5%8D%E0%A4%B5_%E0%A4%AA%E0%A4%B0%E0%A5%8D%E0%A4%AF%E0%A4%BE%E0%A4%B5%E0%A4%B0%E0%A4%A3_%E0%A4%A6%E0%A4%BF%E0%A4%B5%E0%A4%B8,41298
#yogiadityanathbirthday,http://twitter.com/search?q=%23yogiadityanathbirthday,,%23yogiadityanathbirthday,
उत्तर प्रदेश,http://twitter.com/search?q=%22%E0%A4%89%E0%A4%A4%E0%A5%8D%E0%A4%A4%E0%A4%B0+%E0%A4%AA%E0%A5%8D%E0%A4%B0%E0%A4%A6%E0%A5%87%E0%A4%B6%22,,%22%E0%A4%89%E0%A4%A4%E0%A5%8D%E0%A4%A4%E0%A4%B0+%E0%A4%AA%E0%A5%8D%E0%A4%B0%E0%A4%A6%E0%A5%87%E0%A4%B6%22,53126
Countdown Continues In SSRCase,http://twitter.com/search?q=%22Countdown+Continues+In+SSRCase%22,,%22Countdown+Continues+In+SSRCase%22,11334
#gogreen,http://twitter.com/search?q=%23gogreen,,%23gogreen,
लोकप्रिय मुख्यमंत्री,http://twitter.com/search?q=%22%E0%A4%B2%E0%A5%8B%E0%A4%95%E0%A4%AA%E0%A5%8D%E0%A4%B0%E0%A4%BF%E0%A4%AF+%E0%A4%AE%E0%A5%81%E0%A4%96%E0%A5%8D%E0%A4%AF%E0%A4%AE%E0%A4%82%E0%A4%A4%E0%A5%8D%E0%A4%B0%E0%A5%80%22,,%22%E0%A4%B2%E0%A5%8B%E0%A4%95%E0%A4%AA%E0%A5%8D%E0%A4%B0%E0%A4%BF%E0%A4%AF+%E0%A4%AE%E0%A5%81%E0%A4%96%E0%A5%8D%E0%A4%AF%E0%A4%AE%E0%A4%82%E0%A4%A4%E0%A5%8D%E0%A4%B0%E0%A5%80%22,
उत्तम स्वास्थ्य,http://twitter.com/search?q=%22%E0%A4%89%E0%A4%A4%E0%A5%8D%E0%A4%A4%E0%A4%AE+%E0%A4%B8%E0%A5%8D%E0%A4%B5%E0%A4%BE%E0%A4%B8%E0%A5%8D%E0%A4%A5%E0%A5%8D%E0%A4%AF%22,,%22%E0%A4%89%E0%A4%A4%E0%A5%8D%E0%A4%A4%E0%A4%AE+%E0%A4%B8%E0%A5%8D%E0%A4%B5%E0%A4%BE%E0%A4%B8%E0%A5%8D%E0%A4%A5%E0%A5%8D%E0%A4%AF%22,
मुख्यमंत्री श्री,http://twitter.com/search?q=%22%E0%A4%AE%E0%A5%81%E0%A4%96%E0%A5%8D%E0%A4%AF%E0%A4%AE%E0%A4%82%E0%A4%A4%E0%A5%8D%E0%A4%B0%E0%A5%80+%E0%A4%B6%E0%A5%8D%E0%A4%B0%E0%A5%80%22,,%22%E0%A4%AE%E0%A5%81%E0%A4%96%E0%A5%8D%E0%A4%AF%E0%A4%AE%E0%A4%82%E0%A4%A4%E0%A5%8D%E0%A4%B0%E0%A5%80+%E0%A4%B6%E0%A5%8D%E0%A4%B0%E0%A5%80%22,32847
Tulsi,http://twitter.com/search?q=Tulsi,,Tulsi,11069
प्रभु श्रीराम,http://twitter.com/search?q=%22%E0%A4%AA%E0%A5%8D%E0%A4%B0%E0%A4%AD%E0%A5%81+%E0%A4%B6%E0%A5%8D%E0%A4%B0%E0%A5%80%E0%A4%B0%E0%A4%BE%E0%A4%AE%22,,%22%E0%A4%AA%E0%A5%8D%E0%A4%B0%E0%A4%AD%E0%A5%81+%E0%A4%B6%E0%A5%8D%E0%A4%B0%E0%A5%80%E0%A4%B0%E0%A4%BE%E0%A4%AE%22,
पर्यावरण संरक्षण,http://twitter.com/search?q=%22%E0%A4%AA%E0%A4%B0%E0%A5%8D%E0%A4%AF%E0%A4%BE%E0%A4%B5%E0%A4%B0%E0%A4%A3+%E0%A4%B8%E0%A4%82%E0%A4%B0%E0%A4%95%E0%A5%8D%E0%A4%B7%E0%A4%A3%22,,%22%E0%A4%AA%E0%A4%B0%E0%A5%8D%E0%A4%AF%E0%A4%BE%E0%A4%B5%E0%A4%B0%E0%A4%A3+%E0%A4%B8%E0%A4%82%E0%A4%B0%E0%A4%95%E0%A5%8D%E0%A4%B7%E0%A4%A3%22,
Uttar Pradesh,http://twitter.com/search?q=%22Uttar+Pradesh%22,,%22Uttar+Pradesh%22,17917
Brahmin,http://twitter.com/search?q=Brahmin,,Brahmin,10524
Sushant Mesmerising Smile,http://twitter.com/search?q=%22Sushant+Mesmerising+Smile%22,,%22Sushant+Mesmerising+Smile%22,58890
#योगी_आदित्यनाथ,http://twitter.com/search?q=%23%E0%A4%AF%E0%A5%8B%E0%A4%97%E0%A5%80_%E0%A4%86%E0%A4%A6%E0%A4%BF%E0%A4%A4%E0%A5%8D%E0%A4%AF%E0%A4%A8%E0%A4%BE%E0%A4%A5,,%23%E0%A4%AF%E0%A5%8B%E0%A4%97%E0%A5%80_%E0%A4%86%E0%A4%A6%E0%A4%BF%E0%A4%A4%E0%A5%8D%E0%A4%AF%E0%A4%A8%E0%A4%BE%E0%A4%A5,
#nature,http://twitter.com/search?q=%23nature,,%23nature,35221
#hindutva_against_kshatriya,http://twitter.com/search?q=%23hindutva_against_kshatriya,,%23hindutva_against_kshatriya,16285
#sundayvibes,http://twitter.com/search?q=%23sundayvibes,,%23sundayvibes,
#PasumaiThaayagam,http://twitter.com/search?q=%23PasumaiThaayagam,,%23PasumaiThaayagam,
#CleanAirChennai,http://twitter.com/search?q=%23CleanAirChennai,,%23CleanAirChennai,
#justiceforsidhu,http://twitter.com/search?q=%23justiceforsidhu,,%23justiceforsidhu,20567
#SundayMorning,http://twitter.com/search?q=%23SundayMorning,,%23SundayMorning,
#सुनो_मीडिया,http://twitter.com/search?q=%23%E0%A4%B8%E0%A5%81%E0%A4%A8%E0%A5%8B_%E0%A4%AE%E0%A5%80%E0%A4%A1%E0%A4%BF%E0%A4%AF%E0%A4%BE,,%23%E0%A4%B8%E0%A5%81%E0%A4%A8%E0%A5%8B_%E0%A4%AE%E0%A5%80%E0%A4%A1%E0%A4%BF%E0%A4%AF%E0%A4%BE,12140
#UPSCPrelims2022,http://twitter.com/search?q=%23UPSCPrelims2022,,%23UPSCPrelims2022,
#SundayMotivation,http://twitter.com/search?q=%23SundayMotivation,,%23SundayMotivation,
#SundayThoughts,http://twitter.com/search?q=%23SundayThoughts,,%23SundayThoughts,
#SundayFunday,http://twitter.com/search?q=%23SundayFunday,,%23SundayFunday,
#ERCP_हक_हमारा,http://twitter.com/search?q=%23ERCP_%E0%A4%B9%E0%A4%95_%E0%A4%B9%E0%A4%AE%E0%A4%BE%E0%A4%B0%E0%A4%BE,,%23ERCP_%E0%A4%B9%E0%A4%95_%E0%A4%B9%E0%A4%AE%E0%A4%BE%E0%A4%B0%E0%A4%BE,
#savetheplanet,http://twitter.com/search?q=%23savetheplanet,,%23savetheplanet,
#ecofriendly,http://twitter.com/search?q=%23ecofriendly,,%23ecofriendly,
#Wordle351,http://twitter.com/search?q=%23Wordle351,,%23Wordle351,
#climatechange,http://twitter.com/search?q=%23climatechange,,%23climatechange,
#Stopinsulting_ProphetMuhammad,http://twitter.com/search?q=%23Stopinsulting_ProphetMuhammad,,%23Stopinsulting_ProphetMuhammad,88508
#neverforget1984,http://twitter.com/search?q=%23neverforget1984,,%23neverforget1984,12743